0,79.87,inf,2.09
1,79.87,inf,2.09
2,79.87,inf,2.09
3,79.87,inf,2.09
4,79.87,inf,2.09
5,79.87,inf,2.09
6,79.87,inf,2.09
7,79.87,inf,2.09
8,72.57,inf,2.09
9,67.70,inf,2.09
10,67.70,inf,2.09
11,67.70,inf,2.09
12,49.05,inf,2.09
13,43.37,inf,2.09
14,43.37,inf,2.09
15,43.37,inf,2.09
16,43.37,inf,2.09
17,67.70,inf,2.09
18,70.13,inf,2.09
19,79.87,inf,2.09
20,79.87,inf,2.09
21,67.70,inf,2.09
22,67.70,inf,2.09
23,67.70,inf,2.09
24,67.70,inf,2.09
25,67.70,inf,2.09
26,79.87,inf,2.09
27,79.87,inf,2.09
28,79.87,inf,2.09
29,79.87,inf,2.09
30,79.87,inf,2.09
31,79.87,inf,2.09
32,79.87,inf,2.09
33,67.70,inf,2.09
34,72.57,inf,2.09
35,79.87,inf,2.09
36,79.87,inf,2.09
37,79.87,inf,2.09
38,77.43,inf,2.09
39,67.70,inf,2.09
40,79.87,inf,2.09
41,79.87,inf,2.09
42,79.87,inf,2.09
