0,1678.54,inf,5.27
1,2148.49,inf,5.27
2,1490.56,inf,5.27
3,2148.49,inf,5.27
4,1584.55,inf,5.27
5,1725.53,inf,5.27
6,1302.58,inf,5.27
7,1725.53,inf,5.27
8,1302.58,inf,5.27
9,1443.56,inf,5.27
10,1443.56,inf,5.27
11,1584.55,inf,5.27
12,1960.51,inf,5.27
13,1913.51,inf,5.27
14,2007.50,inf,5.27
15,1960.51,inf,5.27
16,2054.50,inf,5.27
17,2007.50,inf,5.27
18,2007.50,inf,5.27
19,2007.50,inf,5.27
20,1960.51,inf,5.27
21,2007.50,inf,5.27
22,2007.50,inf,5.27
23,2007.50,inf,5.27
24,1960.51,inf,5.27
25,2007.50,inf,5.27
26,1960.51,inf,5.27
27,2054.50,inf,5.27
28,1960.51,inf,5.27
29,1490.56,inf,5.27
30,1725.53,inf,5.27
31,1678.54,inf,5.27
32,1678.54,inf,5.27
33,1678.54,inf,5.27
34,1725.53,inf,5.27
35,1678.54,inf,5.27
36,1819.52,inf,5.27
37,2101.49,inf,5.27
38,1913.51,inf,5.27
39,2007.50,inf,5.27
40,1819.52,inf,5.27
41,2007.50,inf,5.27
42,1866.52,inf,5.27
43,2007.50,inf,5.27
