0,107.03,inf,6.95
1,143.10,inf,6.95
2,251.32,inf,6.95
3,287.39,inf,6.95
4,305.43,inf,6.95
5,287.39,inf,6.95
6,299.42,inf,6.95
7,287.39,inf,6.95
8,287.39,inf,6.95
9,239.30,inf,6.95
10,197.21,inf,6.95
11,197.21,inf,6.95
12,197.21,inf,6.95
13,341.50,inf,6.95
14,317.45,inf,6.95
15,323.46,inf,6.95
16,209.24,inf,6.95
17,293.40,inf,6.95
18,311.44,inf,6.95
19,365.55,inf,6.95
20,275.37,inf,6.95
21,287.39,inf,6.95
22,275.37,inf,6.95
23,359.54,inf,6.95
24,317.45,inf,6.95
25,341.50,inf,6.95
26,335.49,inf,6.95
27,323.46,inf,6.95
28,353.52,inf,6.95
29,305.43,inf,6.95
30,359.54,inf,6.95
31,173.16,inf,6.95
32,185.19,inf,6.95
33,269.36,inf,6.95
34,371.56,inf,6.95
35,299.42,inf,6.95
36,365.55,inf,6.95
37,287.39,inf,6.95
38,287.39,inf,6.95
39,287.39,inf,6.95
40,287.39,inf,6.95
41,287.39,inf,6.95
42,239.30,inf,6.95
