0,438.64,inf,5.73
1,357.57,inf,5.73
2,325.14,inf,5.73
3,276.50,inf,5.73
4,260.29,inf,5.73
5,235.97,inf,5.73
6,317.04,inf,5.73
7,422.42,inf,5.73
8,503.49,inf,5.73
9,462.96,inf,5.73
10,503.49,inf,5.73
11,503.49,inf,5.73
12,462.96,inf,5.73
13,462.96,inf,5.73
14,503.49,inf,5.73
15,446.74,inf,5.73
16,406.21,inf,5.73
17,503.49,inf,5.73
18,503.49,inf,5.73
19,438.64,inf,5.73
20,462.96,inf,5.73
21,503.49,inf,5.73
22,462.96,inf,5.73
23,503.49,inf,5.73
24,503.49,inf,5.73
25,357.57,inf,5.73
26,381.89,inf,5.73
27,438.64,inf,5.73
28,487.28,inf,5.73
29,487.28,inf,5.73
30,503.49,inf,5.73
31,503.49,inf,5.73
32,462.96,inf,5.73
33,422.42,inf,5.73
34,398.10,inf,5.73
35,333.25,inf,5.73
36,503.49,inf,5.73
37,503.49,inf,5.73
38,487.28,inf,5.73
39,487.28,inf,5.73
40,446.74,inf,5.73
41,381.89,inf,5.73
42,462.96,inf,5.73
43,503.49,inf,5.73
44,446.74,inf,5.73
45,398.10,inf,5.73
46,503.49,inf,5.73
47,462.96,inf,5.73
48,365.68,inf,5.73
49,462.96,inf,5.73
50,503.49,inf,5.73
51,503.49,inf,5.73
52,462.96,inf,5.73
53,503.49,inf,5.73
54,446.74,inf,5.73
55,227.86,inf,5.73
56,300.82,inf,5.73
57,503.49,inf,5.73
58,503.49,inf,5.73
59,462.96,inf,5.73
60,503.49,inf,5.73
61,503.49,inf,5.73
62,446.74,inf,5.73
63,365.68,inf,5.73
64,479.17,inf,5.73
65,381.89,inf,5.73
66,349.46,inf,5.73
67,503.49,inf,5.73
68,503.49,inf,5.73
69,462.96,inf,5.73
70,430.53,inf,5.73
71,454.85,inf,5.73
72,479.17,inf,5.73
73,487.28,inf,5.73
74,503.49,inf,5.73
75,479.17,inf,5.73
