0,22.18,0.00,1.00
1,22.18,0.00,1.00
2,22.18,0.00,1.00
3,22.18,0.00,1.00
4,22.18,0.00,1.00
5,22.18,0.00,1.00
6,22.18,0.00,1.00
7,22.18,0.00,1.00
8,22.18,0.00,1.00
9,22.18,0.00,1.00
10,22.18,0.00,1.00
11,22.18,0.00,1.00
12,22.18,0.00,1.00
13,22.18,0.00,1.00
14,22.18,0.00,1.00
15,22.18,0.00,1.00
16,22.18,0.00,1.00
17,22.18,0.00,1.00
18,22.18,0.00,1.00
19,22.18,0.00,1.00
20,22.18,0.00,1.00
21,22.18,0.00,1.00
22,22.18,0.00,1.00
23,22.18,0.00,1.00
24,22.18,0.00,1.00
25,22.18,0.00,1.00
26,22.18,0.00,1.00
27,22.18,0.00,1.00
28,22.18,0.00,1.00
29,22.18,0.00,1.00
30,22.18,0.00,1.00
31,22.18,0.00,1.00
32,22.18,0.00,1.00
33,22.18,0.00,1.00
34,22.18,0.00,1.00
35,22.18,0.00,1.00
36,22.18,0.00,1.00
37,22.18,0.00,1.00
38,22.18,0.00,1.00
39,22.18,0.00,1.00
40,22.18,0.00,1.00
41,22.18,0.00,1.00
42,22.18,0.00,1.00
43,22.18,0.00,1.00
44,22.18,0.00,1.00
45,22.18,0.00,1.00
46,22.18,0.00,1.00
47,22.18,0.00,1.00
48,22.18,0.00,1.00
49,22.18,0.00,1.00
50,22.18,0.00,1.00
51,22.18,0.00,1.00
52,22.18,0.00,1.00
53,22.18,0.00,1.00
54,22.18,0.00,1.00
55,22.18,0.00,1.00
56,22.18,0.00,1.00
57,22.18,0.00,1.00
58,22.18,0.00,1.00
59,22.18,0.00,1.00
60,22.18,0.00,1.00
61,22.18,0.00,1.00
62,22.18,0.00,1.00
63,22.18,0.00,1.00
64,22.18,0.00,1.00
65,22.18,0.00,1.00
66,22.18,0.00,1.00
67,22.18,0.00,1.00
68,22.18,0.00,1.00
69,22.18,0.00,1.00
70,22.18,0.00,1.00
71,22.18,0.00,1.00
72,22.18,0.00,1.00
73,22.18,0.00,1.00
74,22.18,0.00,1.00
75,22.18,0.00,1.00
76,22.18,0.00,1.00
77,22.18,0.00,1.00
78,22.18,0.00,1.00
79,22.18,0.00,1.00
80,22.18,0.00,1.00
81,22.18,0.00,1.00
82,22.18,0.00,1.00
83,22.18,0.00,1.00
84,22.18,0.00,1.00
85,22.18,0.00,1.00
86,22.18,0.00,1.00
87,22.18,0.00,1.00
88,22.18,0.00,1.00
89,22.18,0.00,1.00
90,22.18,0.00,1.00
91,22.18,0.00,1.00
92,22.18,0.00,1.00
93,22.18,0.00,1.00
94,22.18,0.00,1.00
95,22.18,0.00,1.00
96,22.18,0.00,1.00
97,22.18,0.00,1.00
98,22.18,0.00,1.00
99,22.18,0.00,1.00
100,22.18,0.00,1.00
101,22.18,0.00,1.00
102,22.18,0.00,1.00
103,22.18,0.00,1.00
104,22.18,0.00,1.00
105,22.18,0.00,1.00
106,22.18,0.00,1.00
107,22.18,0.00,1.00
108,22.18,0.00,1.00
109,22.18,0.00,1.00
110,22.18,0.00,1.00
111,22.18,0.00,1.00
112,22.18,0.00,1.00
113,22.18,0.00,1.00
114,22.18,0.00,1.00
115,22.18,0.00,1.00
116,22.18,0.00,1.00
117,22.18,0.00,1.00
118,22.18,0.00,1.00
119,22.18,0.00,1.00
120,22.18,0.00,1.00
121,22.18,0.00,1.00
122,22.18,0.00,1.00
123,22.18,0.00,1.00
124,22.18,0.00,1.00
125,22.18,0.00,1.00
126,22.18,0.00,1.00
127,22.18,0.00,1.00
128,22.18,0.00,1.00
129,22.18,0.00,1.00
130,22.18,0.00,1.00
131,22.18,0.00,1.00
132,22.18,0.00,1.00
133,22.18,0.00,1.00
134,22.18,0.00,1.00
135,22.18,0.00,1.00
136,22.18,0.00,1.00
137,22.18,0.00,1.00
138,22.18,0.00,1.00
139,22.18,0.00,1.00
140,22.18,0.00,1.00
141,22.18,0.00,1.00
142,22.18,0.00,1.00
143,22.18,0.00,1.00
144,22.18,0.00,1.00
145,22.18,0.00,1.00
146,22.18,0.00,1.00
147,22.18,0.00,1.00
148,22.18,0.00,1.00
149,22.18,0.00,1.00
150,22.18,0.00,1.00
151,22.18,0.00,1.00
152,22.18,0.00,1.00
153,22.18,0.00,1.00
154,22.18,0.00,1.00
155,22.18,0.00,1.00
156,22.18,0.00,1.00
157,22.18,0.00,1.00
158,22.18,0.00,1.00
159,22.18,0.00,1.00
160,22.18,0.00,1.00
161,22.18,0.00,1.00
162,22.18,0.00,1.00
163,22.18,0.00,1.00
164,22.18,0.00,1.00
165,22.18,0.00,1.00
166,22.18,0.00,1.00
167,22.18,0.00,1.00
168,22.18,0.00,1.00
169,22.18,0.00,1.00
170,22.18,0.00,1.00
171,22.18,0.00,1.00
172,22.18,0.00,1.00
173,22.18,0.00,1.00
174,22.18,0.00,1.00
175,22.18,0.00,1.00
176,22.18,0.00,1.00
177,22.18,0.00,1.00
178,22.18,0.00,1.00
179,22.18,0.00,1.00
180,22.18,0.00,1.00
181,22.18,0.00,1.00
182,22.18,0.00,1.00
183,22.18,0.00,1.00
184,22.18,0.00,1.00
185,22.18,0.00,1.00
186,22.18,0.00,1.00
187,22.18,0.00,1.00
188,22.18,0.00,1.00
189,22.18,0.00,1.00
190,22.18,0.00,1.00
191,22.18,0.00,1.00
192,22.18,0.00,1.00
193,22.18,0.00,1.00
194,22.18,0.00,1.00
195,22.18,0.00,1.00
196,22.18,0.00,1.00
197,22.18,0.00,1.00
198,22.18,0.00,1.00
199,22.18,0.00,1.00
200,22.18,0.00,1.00
201,22.18,0.00,1.00
202,22.18,0.00,1.00
203,22.18,0.00,1.00
204,22.18,0.00,1.00
205,22.18,0.00,1.00
206,22.18,0.00,1.00
207,22.18,0.00,1.00
208,22.18,0.00,1.00
209,22.18,0.00,1.00
210,22.18,0.00,1.00
211,22.18,0.00,1.00
212,22.18,0.00,1.00
213,22.18,0.00,1.00
214,22.18,0.00,1.00
215,22.18,0.00,1.00
216,22.18,0.00,1.00
217,22.18,0.00,1.00
218,22.18,0.00,1.00
219,22.18,0.00,1.00
220,22.18,0.00,1.00
221,22.18,0.00,1.00
222,22.18,0.00,1.00
223,22.18,0.00,1.00
224,22.18,0.00,1.00
225,22.18,0.00,1.00
226,22.18,0.00,1.00
227,22.18,0.00,1.00
228,22.18,0.00,1.00
229,22.18,0.00,1.00
230,22.18,0.00,1.00
231,22.18,0.00,1.00
232,22.18,0.00,1.00
233,22.18,0.00,1.00
234,22.18,0.00,1.00
235,22.18,0.00,1.00
236,22.18,0.00,1.00
237,22.18,0.00,1.00
238,22.18,0.00,1.00
239,22.18,0.00,1.00
240,22.18,0.00,1.00
241,22.18,0.00,1.00
242,22.18,0.00,1.00
243,22.18,0.00,1.00
244,22.18,0.00,1.00
245,22.18,0.00,1.00
246,22.18,0.00,1.00
247,22.18,0.00,1.00
248,22.18,0.00,1.00
249,22.18,0.00,1.00
250,22.18,0.00,1.00
251,22.18,0.00,1.00
252,22.18,0.00,1.00
253,22.18,0.00,1.00
254,22.18,0.00,1.00
255,22.18,0.00,1.00
256,22.18,0.00,1.00
257,22.18,0.00,1.00
258,22.18,0.00,1.00
259,22.18,0.00,1.00
260,22.18,0.00,1.00
261,22.18,0.00,1.00
262,22.18,0.00,1.00
263,22.18,0.00,1.00
264,22.18,0.00,1.00
265,22.18,0.00,1.00
266,22.18,0.00,1.00
267,22.18,0.00,1.00
268,22.18,0.00,1.00
269,22.18,0.00,1.00
270,22.18,0.00,1.00
271,22.18,0.00,1.00
272,22.18,0.00,1.00
273,22.18,0.00,1.00
274,22.18,0.00,1.00
275,22.18,0.00,1.00
276,22.18,0.00,1.00
277,22.18,0.00,1.00
278,22.18,0.00,1.00
279,22.18,0.00,1.00
280,22.18,0.00,1.00
281,22.18,0.00,1.00
282,22.18,0.00,1.00
283,22.18,0.00,1.00
284,22.18,0.00,1.00
285,22.18,0.00,1.00
286,22.18,0.00,1.00
287,22.18,0.00,1.00
288,22.18,0.00,1.00
289,22.18,0.00,1.00
290,22.18,0.00,1.00
291,22.18,0.00,1.00
292,22.18,0.00,1.00
293,22.18,0.00,1.00
294,22.18,0.00,1.00
295,22.18,0.00,1.00
296,22.18,0.00,1.00
297,22.18,0.00,1.00
298,22.18,0.00,1.00
299,22.18,0.00,1.00
300,22.18,0.00,1.00
301,22.18,0.00,1.00
302,22.18,0.00,1.00
303,22.18,0.00,1.00
304,22.18,0.00,1.00
305,22.18,0.00,1.00
306,22.18,0.00,1.00
307,22.18,0.00,1.00
308,22.18,0.00,1.00
309,22.18,0.00,1.00
310,22.18,0.00,1.00
311,22.18,0.00,1.00
312,22.18,0.00,1.00
313,22.18,0.00,1.00
314,22.18,0.00,1.00
315,22.18,0.00,1.00
316,22.18,0.00,1.00
317,22.18,0.00,1.00
318,22.18,0.00,1.00
319,22.18,0.00,1.00
320,22.18,0.00,1.00
321,22.18,0.00,1.00
322,22.18,0.00,1.00
323,22.18,0.00,1.00
324,22.18,0.00,1.00
325,22.18,0.00,1.00
326,22.18,0.00,1.00
327,22.18,0.00,1.00
328,22.18,0.00,1.00
329,22.18,0.00,1.00
330,22.18,0.00,1.00
331,22.18,0.00,1.00
332,22.18,0.00,1.00
333,22.18,0.00,1.00
334,22.18,0.00,1.00
335,22.18,0.00,1.00
336,22.18,0.00,1.00
337,22.18,0.00,1.00
338,22.18,0.00,1.00
339,22.18,0.00,1.00
340,22.18,0.00,1.00
341,22.18,0.00,1.00
342,22.18,0.00,1.00
343,22.18,0.00,1.00
344,22.18,0.00,1.00
345,22.18,0.00,1.00
346,22.18,0.00,1.00
347,22.18,0.00,1.00
348,22.18,0.00,1.00
349,22.18,0.00,1.00
350,22.18,0.00,1.00
351,22.18,0.00,1.00
352,22.18,0.00,1.00
353,22.18,0.00,1.00
354,22.18,0.00,1.00
355,22.18,0.00,1.00
356,22.18,0.00,1.00
357,22.18,0.00,1.00
358,22.18,0.00,1.00
359,22.18,0.00,1.00
360,22.18,0.00,1.00
361,22.18,0.00,1.00
362,22.18,0.00,1.00
363,22.18,0.00,1.00
364,22.18,0.00,1.00
365,22.18,0.00,1.00
366,22.18,0.00,1.00
367,22.18,0.00,1.00
368,22.18,0.00,1.00
369,22.18,0.00,1.00
370,22.18,0.00,1.00
371,22.18,0.00,1.00
372,22.18,0.00,1.00
373,22.18,0.00,1.00
374,22.18,0.00,1.00
375,22.18,0.00,1.00
376,22.18,0.00,1.00
377,22.18,0.00,1.00
378,22.18,0.00,1.00
379,22.18,0.00,1.00
380,22.18,0.00,1.00
381,22.18,0.00,1.00
382,22.18,0.00,1.00
383,22.18,0.00,1.00
384,22.18,0.00,1.00
385,22.18,0.00,1.00
386,22.18,0.00,1.00
387,22.18,0.00,1.00
388,22.18,0.00,1.00
389,22.18,0.00,1.00
390,22.18,0.00,1.00
391,22.18,0.00,1.00
392,22.18,0.00,1.00
393,22.18,0.00,1.00
394,22.18,0.00,1.00
395,22.18,0.00,1.00
396,22.18,0.00,1.00
397,22.18,0.00,1.00
398,22.18,0.00,1.00
399,22.18,0.00,1.00
400,22.18,0.00,1.00
401,22.18,0.00,1.00
402,22.18,0.00,1.00
403,22.18,0.00,1.00
404,22.18,0.00,1.00
405,22.18,0.00,1.00
406,22.18,0.00,1.00
407,22.18,0.00,1.00
408,22.18,0.00,1.00
409,22.18,0.00,1.00
410,22.18,0.00,1.00
411,22.18,0.00,1.00
412,22.18,0.00,1.00
413,22.18,0.00,1.00
414,22.18,0.00,1.00
415,22.18,0.00,1.00
416,22.18,0.00,1.00
417,22.18,0.00,1.00
418,22.18,0.00,1.00
419,22.18,0.00,1.00
420,22.18,0.00,1.00
421,22.18,0.00,1.00
422,22.18,0.00,1.00
423,22.18,0.00,1.00
424,22.18,0.00,1.00
425,22.18,0.00,1.00
426,22.18,0.00,1.00
427,22.18,0.00,1.00
428,22.18,0.00,1.00
429,22.18,0.00,1.00
430,22.18,0.00,1.00
431,22.18,0.00,1.00
432,22.18,0.00,1.00
433,22.18,0.00,1.00
434,22.18,0.00,1.00
435,22.18,0.00,1.00
436,22.18,0.00,1.00
437,22.18,0.00,1.00
438,22.18,0.00,1.00
439,22.18,0.00,1.00
440,22.18,0.00,1.00
441,22.18,0.00,1.00
442,22.18,0.00,1.00
443,22.18,0.00,1.00
444,22.18,0.00,1.00
445,22.18,0.00,1.00
446,22.18,0.00,1.00
447,22.18,0.00,1.00
448,22.18,0.00,1.00
449,22.18,0.00,1.00
450,22.18,0.00,1.00
451,22.18,0.00,1.00
452,22.18,0.00,1.00
453,22.18,0.00,1.00
454,22.18,0.00,1.00
455,22.18,0.00,1.00
456,22.18,0.00,1.00
457,22.18,0.00,1.00
458,22.18,0.00,1.00
459,22.18,0.00,1.00
460,22.18,0.00,1.00
461,22.18,0.00,1.00
462,22.18,0.00,1.00
463,22.18,0.00,1.00
464,22.18,0.00,1.00
465,22.18,0.00,1.00
466,22.18,0.00,1.00
467,22.18,0.00,1.00
468,22.18,0.00,1.00
469,22.18,0.00,1.00
470,22.18,0.00,1.00
471,22.18,0.00,1.00
472,22.18,0.00,1.00
473,22.18,0.00,1.00
474,22.18,0.00,1.00
475,22.18,0.00,1.00
476,22.18,0.00,1.00
477,22.18,0.00,1.00
478,22.18,0.00,1.00
479,22.18,0.00,1.00
480,22.18,0.00,1.00
481,22.18,0.00,1.00
482,22.18,0.00,1.00
483,22.18,0.00,1.00
484,22.18,0.00,1.00
485,22.18,0.00,1.00
486,22.18,0.00,1.00
487,22.18,0.00,1.00
488,22.18,0.00,1.00
489,22.18,0.00,1.00
490,22.18,0.00,1.00
491,22.18,0.00,1.00
492,22.18,0.00,1.00
493,22.18,0.00,1.00
494,22.18,0.00,1.00
495,22.18,0.00,1.00
496,22.18,0.00,1.00
497,22.18,0.00,1.00
498,22.18,0.00,1.00
499,22.18,0.00,1.00
500,22.18,0.00,1.00
501,22.18,0.00,1.00
502,22.18,0.00,1.00
503,22.18,0.00,1.00
504,22.18,0.00,1.00
505,22.18,0.00,1.00
506,22.18,0.00,1.00
507,22.18,0.00,1.00
508,22.18,0.00,1.00
509,22.18,0.00,1.00
510,22.18,0.00,1.00
511,22.18,0.00,1.00
512,22.18,0.00,1.00
513,22.18,0.00,1.00
514,22.18,0.00,1.00
515,22.18,0.00,1.00
516,22.18,0.00,1.00
517,22.18,0.00,1.00
518,22.18,0.00,1.00
519,22.18,0.00,1.00
520,22.18,0.00,1.00
521,22.18,0.00,1.00
522,22.18,0.00,1.00
523,22.18,0.00,1.00
524,22.18,0.00,1.00
525,22.18,0.00,1.00
526,22.18,0.00,1.00
527,22.18,0.00,1.00
528,22.18,0.00,1.00
529,22.18,0.00,1.00
530,22.18,0.00,1.00
531,22.18,0.00,1.00
532,22.18,0.00,1.00
533,22.18,0.00,1.00
534,22.18,0.00,1.00
535,22.18,0.00,1.00
536,22.18,0.00,1.00
537,22.18,0.00,1.00
538,22.18,0.00,1.00
539,22.18,0.00,1.00
540,22.18,0.00,1.00
541,22.18,0.00,1.00
542,22.18,0.00,1.00
543,22.18,0.00,1.00
544,22.18,0.00,1.00
545,22.18,0.00,1.00
546,22.18,0.00,1.00
547,22.18,0.00,1.00
548,22.18,0.00,1.00
549,22.18,0.00,1.00
550,22.18,0.00,1.00
551,22.18,0.00,1.00
552,22.18,0.00,1.00
553,22.18,0.00,1.00
554,22.18,0.00,1.00
555,22.18,0.00,1.00
556,22.18,0.00,1.00
557,22.18,0.00,1.00
558,22.18,0.00,1.00
559,22.18,0.00,1.00
560,22.18,0.00,1.00
561,22.18,0.00,1.00
562,22.18,0.00,1.00
563,22.18,0.00,1.00
564,22.18,0.00,1.00
565,22.18,0.00,1.00
566,22.18,0.00,1.00
567,22.18,0.00,1.00
568,22.18,0.00,1.00
569,22.18,0.00,1.00
570,22.18,0.00,1.00
571,22.18,0.00,1.00
572,22.18,0.00,1.00
573,22.18,0.00,1.00
574,22.18,0.00,1.00
575,22.18,0.00,1.00
576,22.18,0.00,1.00
577,22.18,0.00,1.00
578,22.18,0.00,1.00
579,22.18,0.00,1.00
580,22.18,0.00,1.00
581,22.18,0.00,1.00
582,22.18,0.00,1.00
583,22.18,0.00,1.00
584,22.18,0.00,1.00
585,22.18,0.00,1.00
586,22.18,0.00,1.00
587,22.18,0.00,1.00
588,22.18,0.00,1.00
589,22.18,0.00,1.00
590,22.18,0.00,1.00
591,22.18,0.00,1.00
592,22.18,0.00,1.00
593,22.18,0.00,1.00
594,22.18,0.00,1.00
595,22.18,0.00,1.00
596,22.18,0.00,1.00
597,22.18,0.00,1.00
598,22.18,0.00,1.00
599,22.18,0.00,1.00
600,22.18,0.00,1.00
601,22.18,0.00,1.00
602,22.18,0.00,1.00
603,22.18,0.00,1.00
604,22.18,0.00,1.00
605,22.18,0.00,1.00
606,22.18,0.00,1.00
607,22.18,0.00,1.00
608,22.18,0.00,1.00
609,22.18,0.00,1.00
610,22.18,0.00,1.00
611,22.18,0.00,1.00
612,22.18,0.00,1.00
613,22.18,0.00,1.00
614,22.18,0.00,1.00
615,22.18,0.00,1.00
616,22.18,0.00,1.00
617,22.18,0.00,1.00
618,22.18,0.00,1.00
619,22.18,0.00,1.00
620,22.18,0.00,1.00
621,22.18,0.00,1.00
622,22.18,0.00,1.00
623,22.18,0.00,1.00
624,22.18,0.00,1.00
625,22.18,0.00,1.00
626,22.18,0.00,1.00
627,22.18,0.00,1.00
628,22.18,0.00,1.00
629,22.18,0.00,1.00
630,22.18,0.00,1.00
631,22.18,0.00,1.00
632,22.18,0.00,1.00
633,22.18,0.00,1.00
634,22.18,0.00,1.00
635,22.18,0.00,1.00
636,22.18,0.00,1.00
637,22.18,0.00,1.00
638,22.18,0.00,1.00
639,22.18,0.00,1.00
640,22.18,0.00,1.00
641,22.18,0.00,1.00
642,22.18,0.00,1.00
643,22.18,0.00,1.00
644,22.18,0.00,1.00
645,22.18,0.00,1.00
646,22.18,0.00,1.00
647,22.18,0.00,1.00
648,22.18,0.00,1.00
649,22.18,0.00,1.00
650,22.18,0.00,1.00
651,22.18,0.00,1.00
652,22.18,0.00,1.00
653,22.18,0.00,1.00
654,22.18,0.00,1.00
655,22.18,0.00,1.00
656,22.18,0.00,1.00
657,22.18,0.00,1.00
658,22.18,0.00,1.00
659,22.18,0.00,1.00
660,22.18,0.00,1.00
661,22.18,0.00,1.00
662,22.18,0.00,1.00
663,22.18,0.00,1.00
664,22.18,0.00,1.00
665,22.18,0.00,1.00
666,22.18,0.00,1.00
667,22.18,0.00,1.00
668,22.18,0.00,1.00
669,22.18,0.00,1.00
670,22.18,0.00,1.00
671,22.18,0.00,1.00
672,22.18,0.00,1.00
673,22.18,0.00,1.00
674,22.18,0.00,1.00
675,22.18,0.00,1.00
676,22.18,0.00,1.00
677,22.18,0.00,1.00
678,22.18,0.00,1.00
679,22.18,0.00,1.00
680,22.18,0.00,1.00
681,22.18,0.00,1.00
682,22.18,0.00,1.00
683,22.18,0.00,1.00
684,22.18,0.00,1.00
685,22.18,0.00,1.00
686,22.18,0.00,1.00
687,22.18,0.00,1.00
688,22.18,0.00,1.00
689,22.18,0.00,1.00
690,22.18,0.00,1.00
691,22.18,0.00,1.00
692,22.18,0.00,1.00
693,22.18,0.00,1.00
694,22.18,0.00,1.00
695,22.18,0.00,1.00
696,22.18,0.00,1.00
697,22.18,0.00,1.00
698,22.18,0.00,1.00
699,22.18,0.00,1.00
700,22.18,0.00,1.00
701,22.18,0.00,1.00
702,22.18,0.00,1.00
703,22.18,0.00,1.00
704,22.18,0.00,1.00
705,22.18,0.00,1.00
706,22.18,0.00,1.00
707,22.18,0.00,1.00
708,22.18,0.00,1.00
709,22.18,0.00,1.00
710,22.18,0.00,1.00
711,22.18,0.00,1.00
712,22.18,0.00,1.00
713,22.18,0.00,1.00
714,22.18,0.00,1.00
715,22.18,0.00,1.00
716,22.18,0.00,1.00
717,22.18,0.00,1.00
718,22.18,0.00,1.00
719,22.18,0.00,1.00
720,22.18,0.00,1.00
721,22.18,0.00,1.00
722,22.18,0.00,1.00
723,22.18,0.00,1.00
724,22.18,0.00,1.00
725,22.18,0.00,1.00
726,22.18,0.00,1.00
727,22.18,0.00,1.00
728,22.18,0.00,1.00
729,22.18,0.00,1.00
730,22.18,0.00,1.00
731,22.18,0.00,1.00
732,22.18,0.00,1.00
733,22.18,0.00,1.00
734,22.18,0.00,1.00
735,22.18,0.00,1.00
736,22.18,0.00,1.00
737,22.18,0.00,1.00
738,22.18,0.00,1.00
739,22.18,0.00,1.00
740,22.18,0.00,1.00
741,22.18,0.00,1.00
742,22.18,0.00,1.00
743,22.18,0.00,1.00
744,22.18,0.00,1.00
745,22.18,0.00,1.00
746,22.18,0.00,1.00
747,22.18,0.00,1.00
748,22.18,0.00,1.00
749,22.18,0.00,1.00
750,22.18,0.00,1.00
751,22.18,0.00,1.00
752,22.18,0.00,1.00
753,22.18,0.00,1.00
754,22.18,0.00,1.00
755,22.18,0.00,1.00
756,22.18,0.00,1.00
757,22.18,0.00,1.00
758,22.18,0.00,1.00
759,22.18,0.00,1.00
760,22.18,0.00,1.00
761,22.18,0.00,1.00
762,22.18,0.00,1.00
763,22.18,0.00,1.00
764,22.18,0.00,1.00
765,22.18,0.00,1.00
766,22.18,0.00,1.00
767,22.18,0.00,1.00
768,22.18,0.00,1.00
769,22.18,0.00,1.00
770,22.18,0.00,1.00
771,22.18,0.00,1.00
772,22.18,0.00,1.00
773,22.18,0.00,1.00
774,22.18,0.00,1.00
775,22.18,0.00,1.00
776,22.18,0.00,1.00
777,22.18,0.00,1.00
778,22.18,0.00,1.00
779,22.18,0.00,1.00
780,22.18,0.00,1.00
781,22.18,0.00,1.00
782,22.18,0.00,1.00
783,22.18,0.00,1.00
784,22.18,0.00,1.00
785,22.18,0.00,1.00
786,22.18,0.00,1.00
787,22.18,0.00,1.00
788,22.18,0.00,1.00
789,22.18,0.00,1.00
790,22.18,0.00,1.00
791,22.18,0.00,1.00
792,22.18,0.00,1.00
793,22.18,0.00,1.00
794,22.18,0.00,1.00
795,22.18,0.00,1.00
796,22.18,0.00,1.00
797,22.18,0.00,1.00
798,22.18,0.00,1.00
799,22.18,0.00,1.00
800,22.18,0.00,1.00
801,22.18,0.00,1.00
802,22.18,0.00,1.00
803,22.18,0.00,1.00
804,22.18,0.00,1.00
805,22.18,0.00,1.00
806,22.18,0.00,1.00
807,22.18,0.00,1.00
808,22.18,0.00,1.00
809,22.18,0.00,1.00
810,22.18,0.00,1.00
811,22.18,0.00,1.00
812,22.18,0.00,1.00
813,22.18,0.00,1.00
814,22.18,0.00,1.00
815,22.18,0.00,1.00
816,22.18,0.00,1.00
817,22.18,0.00,1.00
818,22.18,0.00,1.00
819,22.18,0.00,1.00
820,22.18,0.00,1.00
821,22.18,0.00,1.00
822,22.18,0.00,1.00
823,22.18,0.00,1.00
824,22.18,0.00,1.00
825,22.18,0.00,1.00
826,22.18,0.00,1.00
827,22.18,0.00,1.00
828,22.18,0.00,1.00
829,22.18,0.00,1.00
830,22.18,0.00,1.00
831,22.18,0.00,1.00
832,22.18,0.00,1.00
833,22.18,0.00,1.00
834,22.18,0.00,1.00
835,22.18,0.00,1.00
836,22.18,0.00,1.00
837,22.18,0.00,1.00
838,22.18,0.00,1.00
839,22.18,0.00,1.00
840,22.18,0.00,1.00
841,22.18,0.00,1.00
842,22.18,0.00,1.00
843,22.18,0.00,1.00
844,22.18,0.00,1.00
845,22.18,0.00,1.00
846,22.18,0.00,1.00
847,22.18,0.00,1.00
848,22.18,0.00,1.00
849,22.18,0.00,1.00
850,22.18,0.00,1.00
851,22.18,0.00,1.00
852,22.18,0.00,1.00
853,22.18,0.00,1.00
854,22.18,0.00,1.00
855,22.18,0.00,1.00
856,22.18,0.00,1.00
857,22.18,0.00,1.00
858,22.18,0.00,1.00
859,22.18,0.00,1.00
860,22.18,0.00,1.00
861,22.18,0.00,1.00
862,22.18,0.00,1.00
863,22.18,0.00,1.00
864,22.18,0.00,1.00
865,22.18,0.00,1.00
866,22.18,0.00,1.00
867,22.18,0.00,1.00
868,22.18,0.00,1.00
869,22.18,0.00,1.00
870,22.18,0.00,1.00
871,22.18,0.00,1.00
872,22.18,0.00,1.00
873,22.18,0.00,1.00
874,22.18,0.00,1.00
875,22.18,0.00,1.00
876,22.18,0.00,1.00
877,22.18,0.00,1.00
878,22.18,0.00,1.00
879,22.18,0.00,1.00
880,22.18,0.00,1.00
881,22.18,0.00,1.00
882,22.18,0.00,1.00
883,22.18,0.00,1.00
884,22.18,0.00,1.00
885,22.18,0.00,1.00
886,22.18,0.00,1.00
887,22.18,0.00,1.00
888,22.18,0.00,1.00
889,22.18,0.00,1.00
890,22.18,0.00,1.00
891,22.18,0.00,1.00
892,22.18,0.00,1.00
893,22.18,0.00,1.00
894,22.18,0.00,1.00
895,22.18,0.00,1.00
896,22.18,0.00,1.00
897,22.18,0.00,1.00
898,22.18,0.00,1.00
899,22.18,0.00,1.00
900,22.18,0.00,1.00
901,22.18,0.00,1.00
902,22.18,0.00,1.00
903,22.18,0.00,1.00
904,22.18,0.00,1.00
905,22.18,0.00,1.00
906,22.18,0.00,1.00
907,22.18,0.00,1.00
908,22.18,0.00,1.00
909,22.18,0.00,1.00
910,22.18,0.00,1.00
911,22.18,0.00,1.00
912,22.18,0.00,1.00
913,22.18,0.00,1.00
914,22.18,0.00,1.00
915,22.18,0.00,1.00
916,22.18,0.00,1.00
917,22.18,0.00,1.00
918,22.18,0.00,1.00
919,22.18,0.00,1.00
920,22.18,0.00,1.00
921,22.18,0.00,1.00
922,22.18,0.00,1.00
923,22.18,0.00,1.00
924,22.18,0.00,1.00
925,22.18,0.00,1.00
926,22.18,0.00,1.00
927,22.18,0.00,1.00
928,22.18,0.00,1.00
929,22.18,0.00,1.00
930,22.18,0.00,1.00
931,22.18,0.00,1.00
932,22.18,0.00,1.00
933,22.18,0.00,1.00
934,22.18,0.00,1.00
935,22.18,0.00,1.00
936,22.18,0.00,1.00
937,22.18,0.00,1.00
938,22.18,0.00,1.00
939,22.18,0.00,1.00
940,22.18,0.00,1.00
941,22.18,0.00,1.00
942,22.18,0.00,1.00
943,22.18,0.00,1.00
944,22.18,0.00,1.00
945,22.18,0.00,1.00
946,22.18,0.00,1.00
947,22.18,0.00,1.00
948,22.18,0.00,1.00
949,22.18,0.00,1.00
950,22.18,0.00,1.00
951,22.18,0.00,1.00
952,22.18,0.00,1.00
953,22.18,0.00,1.00
954,22.18,0.00,1.00
955,22.18,0.00,1.00
956,22.18,0.00,1.00
957,22.18,0.00,1.00
958,22.18,0.00,1.00
959,22.18,0.00,1.00
960,22.18,0.00,1.00
961,22.18,0.00,1.00
962,22.18,0.00,1.00
963,22.18,0.00,1.00
964,22.18,0.00,1.00
965,22.18,0.00,1.00
966,22.18,0.00,1.00
967,22.18,0.00,1.00
968,22.18,0.00,1.00
969,22.18,0.00,1.00
970,22.18,0.00,1.00
971,22.18,0.00,1.00
972,22.18,0.00,1.00
973,22.18,0.00,1.00
974,22.18,0.00,1.00
975,22.18,0.00,1.00
976,22.18,0.00,1.00
977,22.18,0.00,1.00
978,22.18,0.00,1.00
979,22.18,0.00,1.00
980,22.18,0.00,1.00
981,22.18,0.00,1.00
982,22.18,0.00,1.00
983,22.18,0.00,1.00
984,22.18,0.00,1.00
985,22.18,0.00,1.00
986,22.18,0.00,1.00
987,22.18,0.00,1.00
988,22.18,0.00,1.00
989,22.18,0.00,1.00
990,22.18,0.00,1.00
991,22.18,0.00,1.00
992,22.18,0.00,1.00
993,22.18,0.00,1.00
994,22.18,0.00,1.00
995,22.18,0.00,1.00
996,22.18,0.00,1.00
997,22.18,0.00,1.00
998,22.18,0.00,1.00
999,22.18,0.00,1.00
1000,22.18,0.00,1.00
1001,22.18,0.00,1.00
1002,22.18,0.00,1.00
1003,22.18,0.00,1.00
1004,22.18,0.00,1.00
1005,22.18,0.00,1.00
1006,22.18,0.00,1.00
1007,22.18,0.00,1.00
1008,22.18,0.00,1.00
1009,22.18,0.00,1.00
1010,22.18,0.00,1.00
1011,22.18,0.00,1.00
1012,22.18,0.00,1.00
1013,22.18,0.00,1.00
1014,22.18,0.00,1.00
1015,22.18,0.00,1.00
1016,22.18,0.00,1.00
1017,22.18,0.00,1.00
1018,22.18,0.00,1.00
1019,22.18,0.00,1.00
1020,22.18,0.00,1.00
1021,22.18,0.00,1.00
1022,22.18,0.00,1.00
1023,22.18,0.00,1.00
1024,22.18,0.00,1.00
1025,22.18,0.00,1.00
1026,22.18,0.00,1.00
1027,22.18,0.00,1.00
1028,22.18,0.00,1.00
1029,22.18,0.00,1.00
1030,22.18,0.00,1.00
1031,22.18,0.00,1.00
1032,22.18,0.00,1.00
1033,22.18,0.00,1.00
1034,22.18,0.00,1.00
1035,22.18,0.00,1.00
1036,22.18,0.00,1.00
1037,22.18,0.00,1.00
1038,22.18,0.00,1.00
1039,22.18,0.00,1.00
1040,22.18,0.00,1.00
1041,22.18,0.00,1.00
1042,22.18,0.00,1.00
1043,22.18,0.00,1.00
1044,22.18,0.00,1.00
1045,22.18,0.00,1.00
1046,22.18,0.00,1.00
1047,22.18,0.00,1.00
1048,22.18,0.00,1.00
1049,22.18,0.00,1.00
1050,22.18,0.00,1.00
1051,22.18,0.00,1.00
1052,22.18,0.00,1.00
1053,22.18,0.00,1.00
1054,22.18,0.00,1.00
1055,22.18,0.00,1.00
1056,22.18,0.00,1.00
1057,22.18,0.00,1.00
1058,22.18,0.00,1.00
1059,22.18,0.00,1.00
1060,22.18,0.00,1.00
1061,22.18,0.00,1.00
1062,22.18,0.00,1.00
1063,22.18,0.00,1.00
1064,22.18,0.00,1.00
1065,22.18,0.00,1.00
1066,22.18,0.00,1.00
1067,22.18,0.00,1.00
1068,22.18,0.00,1.00
1069,22.18,0.00,1.00
1070,22.18,0.00,1.00
1071,22.18,0.00,1.00
1072,22.18,0.00,1.00
1073,22.18,0.00,1.00
1074,22.18,0.00,1.00
1075,22.18,0.00,1.00
1076,22.18,0.00,1.00
1077,22.18,0.00,1.00
1078,22.18,0.00,1.00
1079,22.18,0.00,1.00
1080,22.18,0.00,1.00
1081,22.18,0.00,1.00
1082,22.18,0.00,1.00
1083,22.18,0.00,1.00
1084,22.18,0.00,1.00
1085,22.18,0.00,1.00
1086,22.18,0.00,1.00
1087,22.18,0.00,1.00
1088,22.18,0.00,1.00
1089,22.18,0.00,1.00
1090,22.18,0.00,1.00
1091,22.18,0.00,1.00
1092,22.18,0.00,1.00
1093,22.18,0.00,1.00
1094,22.18,0.00,1.00
1095,22.18,0.00,1.00
1096,22.18,0.00,1.00
1097,22.18,0.00,1.00
1098,22.18,0.00,1.00
1099,22.18,0.00,1.00
1100,22.18,0.00,1.00
1101,22.18,0.00,1.00
1102,22.18,0.00,1.00
1103,22.18,0.00,1.00
1104,22.18,0.00,1.00
1105,22.18,0.00,1.00
1106,22.18,0.00,1.00
1107,22.18,0.00,1.00
1108,22.18,0.00,1.00
1109,22.18,0.00,1.00
1110,22.18,0.00,1.00
1111,22.18,0.00,1.00
1112,22.18,0.00,1.00
1113,22.18,0.00,1.00
1114,22.18,0.00,1.00
1115,22.18,0.00,1.00
1116,22.18,0.00,1.00
1117,22.18,0.00,1.00
1118,22.18,0.00,1.00
1119,22.18,0.00,1.00
1120,22.18,0.00,1.00
1121,22.18,0.00,1.00
1122,22.18,0.00,1.00
1123,22.18,0.00,1.00
1124,22.18,0.00,1.00
1125,22.18,0.00,1.00
1126,22.18,0.00,1.00
1127,22.18,0.00,1.00
1128,22.18,0.00,1.00
1129,22.18,0.00,1.00
1130,22.18,0.00,1.00
1131,22.18,0.00,1.00
1132,22.18,0.00,1.00
1133,22.18,0.00,1.00
1134,22.18,0.00,1.00
1135,22.18,0.00,1.00
1136,22.18,0.00,1.00
1137,22.18,0.00,1.00
1138,22.18,0.00,1.00
1139,22.18,0.00,1.00
1140,22.18,0.00,1.00
1141,22.18,0.00,1.00
1142,22.18,0.00,1.00
1143,22.18,0.00,1.00
1144,22.18,0.00,1.00
1145,22.18,0.00,1.00
1146,22.18,0.00,1.00
1147,22.18,0.00,1.00
1148,22.18,0.00,1.00
1149,22.18,0.00,1.00
1150,22.18,0.00,1.00
1151,22.18,0.00,1.00
1152,22.18,0.00,1.00
1153,22.18,0.00,1.00
1154,22.18,0.00,1.00
1155,22.18,0.00,1.00
1156,22.18,0.00,1.00
1157,22.18,0.00,1.00
1158,22.18,0.00,1.00
1159,22.18,0.00,1.00
1160,22.18,0.00,1.00
1161,22.18,0.00,1.00
1162,22.18,0.00,1.00
1163,22.18,0.00,1.00
1164,22.18,0.00,1.00
1165,22.18,0.00,1.00
1166,22.18,0.00,1.00
1167,22.18,0.00,1.00
1168,22.18,0.00,1.00
1169,22.18,0.00,1.00
1170,22.18,0.00,1.00
1171,22.18,0.00,1.00
1172,22.18,0.00,1.00
1173,22.18,0.00,1.00
1174,22.18,0.00,1.00
1175,22.18,0.00,1.00
1176,22.18,0.00,1.00
1177,22.18,0.00,1.00
1178,22.18,0.00,1.00
1179,22.18,0.00,1.00
1180,22.18,0.00,1.00
1181,22.18,0.00,1.00
1182,22.18,0.00,1.00
1183,22.18,0.00,1.00
1184,22.18,0.00,1.00
1185,22.18,0.00,1.00
1186,22.18,0.00,1.00
1187,22.18,0.00,1.00
1188,22.18,0.00,1.00
1189,22.18,0.00,1.00
1190,22.18,0.00,1.00
1191,22.18,0.00,1.00
1192,22.18,0.00,1.00
1193,22.18,0.00,1.00
1194,22.18,0.00,1.00
1195,22.18,0.00,1.00
1196,22.18,0.00,1.00
1197,22.18,0.00,1.00
1198,22.18,0.00,1.00
1199,22.18,0.00,1.00
1200,22.18,0.00,1.00
1201,22.18,0.00,1.00
1202,22.18,0.00,1.00
1203,22.18,0.00,1.00
1204,22.18,0.00,1.00
1205,22.18,0.00,1.00
1206,22.18,0.00,1.00
1207,22.18,0.00,1.00
1208,22.18,0.00,1.00
1209,22.18,0.00,1.00
1210,22.18,0.00,1.00
1211,22.18,0.00,1.00
1212,22.18,0.00,1.00
1213,22.18,0.00,1.00
1214,22.18,0.00,1.00
1215,22.18,0.00,1.00
1216,22.18,0.00,1.00
1217,22.18,0.00,1.00
1218,22.18,0.00,1.00
1219,22.18,0.00,1.00
1220,22.18,0.00,1.00
1221,22.18,0.00,1.00
1222,22.18,0.00,1.00
1223,22.18,0.00,1.00
1224,22.18,0.00,1.00
1225,22.18,0.00,1.00
1226,22.18,0.00,1.00
1227,22.18,0.00,1.00
1228,22.18,0.00,1.00
1229,22.18,0.00,1.00
1230,22.18,0.00,1.00
1231,22.18,0.00,1.00
1232,22.18,0.00,1.00
1233,22.18,0.00,1.00
1234,22.18,0.00,1.00
1235,22.18,0.00,1.00
1236,22.18,0.00,1.00
1237,22.18,0.00,1.00
1238,22.18,0.00,1.00
1239,22.18,0.00,1.00
1240,22.18,0.00,1.00
1241,22.18,0.00,1.00
1242,22.18,0.00,1.00
1243,22.18,0.00,1.00
1244,22.18,0.00,1.00
1245,22.18,0.00,1.00
1246,22.18,0.00,1.00
1247,22.18,0.00,1.00
1248,22.18,0.00,1.00
1249,22.18,0.00,1.00
1250,22.18,0.00,1.00
1251,22.18,0.00,1.00
1252,22.18,0.00,1.00
1253,22.18,0.00,1.00
1254,22.18,0.00,1.00
1255,22.18,0.00,1.00
1256,22.18,0.00,1.00
1257,22.18,0.00,1.00
1258,22.18,0.00,1.00
1259,22.18,0.00,1.00
1260,22.18,0.00,1.00
1261,22.18,0.00,1.00
1262,22.18,0.00,1.00
1263,22.18,0.00,1.00
1264,22.18,0.00,1.00
1265,22.18,0.00,1.00
1266,22.18,0.00,1.00
1267,22.18,0.00,1.00
1268,22.18,0.00,1.00
1269,22.18,0.00,1.00
1270,22.18,0.00,1.00
1271,22.18,0.00,1.00
1272,22.18,0.00,1.00
1273,22.18,0.00,1.00
1274,22.18,0.00,1.00
1275,22.18,0.00,1.00
1276,22.18,0.00,1.00
1277,22.18,0.00,1.00
1278,22.18,0.00,1.00
1279,22.18,0.00,1.00
1280,22.18,0.00,1.00
1281,22.18,0.00,1.00
1282,22.18,0.00,1.00
1283,22.18,0.00,1.00
1284,22.18,0.00,1.00
1285,22.18,0.00,1.00
1286,22.18,0.00,1.00
1287,22.18,0.00,1.00
1288,22.18,0.00,1.00
1289,22.18,0.00,1.00
1290,22.18,0.00,1.00
1291,22.18,0.00,1.00
1292,22.18,0.00,1.00
1293,22.18,0.00,1.00
1294,22.18,0.00,1.00
1295,22.18,0.00,1.00
1296,22.18,0.00,1.00
1297,22.18,0.00,1.00
1298,22.18,0.00,1.00
1299,22.18,0.00,1.00
1300,22.18,0.00,1.00
1301,22.18,0.00,1.00
1302,22.18,0.00,1.00
1303,22.18,0.00,1.00
1304,22.18,0.00,1.00
1305,22.18,0.00,1.00
1306,22.18,0.00,1.00
1307,22.18,0.00,1.00
1308,22.18,0.00,1.00
1309,22.18,0.00,1.00
1310,22.18,0.00,1.00
1311,22.18,0.00,1.00
1312,22.18,0.00,1.00
1313,22.18,0.00,1.00
1314,22.18,0.00,1.00
1315,22.18,0.00,1.00
1316,22.18,0.00,1.00
1317,22.18,0.00,1.00
1318,22.18,0.00,1.00
1319,22.18,0.00,1.00
1320,22.18,0.00,1.00
1321,22.18,0.00,1.00
1322,22.18,0.00,1.00
1323,22.18,0.00,1.00
1324,22.18,0.00,1.00
1325,22.18,0.00,1.00
1326,22.18,0.00,1.00
1327,22.18,0.00,1.00
1328,22.18,0.00,1.00
1329,22.18,0.00,1.00
1330,22.18,0.00,1.00
1331,22.18,0.00,1.00
1332,22.18,0.00,1.00
1333,22.18,0.00,1.00
1334,22.18,0.00,1.00
1335,22.18,0.00,1.00
1336,22.18,0.00,1.00
1337,22.18,0.00,1.00
1338,22.18,0.00,1.00
1339,22.18,0.00,1.00
1340,22.18,0.00,1.00
1341,22.18,0.00,1.00
1342,22.18,0.00,1.00
1343,22.18,0.00,1.00
1344,22.18,0.00,1.00
1345,22.18,0.00,1.00
1346,22.18,0.00,1.00
1347,22.18,0.00,1.00
1348,22.18,0.00,1.00
1349,22.18,0.00,1.00
1350,22.18,0.00,1.00
1351,22.18,0.00,1.00
1352,22.18,0.00,1.00
1353,22.18,0.00,1.00
1354,22.18,0.00,1.00
1355,22.18,0.00,1.00
1356,22.18,0.00,1.00
1357,22.18,0.00,1.00
1358,22.18,0.00,1.00
1359,22.18,0.00,1.00
1360,22.18,0.00,1.00
1361,22.18,0.00,1.00
1362,22.18,0.00,1.00
1363,22.18,0.00,1.00
1364,22.18,0.00,1.00
1365,22.18,0.00,1.00
1366,22.18,0.00,1.00
1367,22.18,0.00,1.00
1368,22.18,0.00,1.00
1369,22.18,0.00,1.00
1370,22.18,0.00,1.00
1371,22.18,0.00,1.00
1372,22.18,0.00,1.00
1373,22.18,0.00,1.00
1374,22.18,0.00,1.00
1375,22.18,0.00,1.00
1376,22.18,0.00,1.00
1377,22.18,0.00,1.00
1378,22.18,0.00,1.00
1379,22.18,0.00,1.00
1380,22.18,0.00,1.00
1381,22.18,0.00,1.00
1382,22.18,0.00,1.00
1383,22.18,0.00,1.00
1384,22.18,0.00,1.00
1385,22.18,0.00,1.00
1386,22.18,0.00,1.00
1387,22.18,0.00,1.00
1388,22.18,0.00,1.00
1389,22.18,0.00,1.00
1390,22.18,0.00,1.00
1391,22.18,0.00,1.00
1392,22.18,0.00,1.00
1393,22.18,0.00,1.00
1394,22.18,0.00,1.00
1395,22.18,0.00,1.00
1396,22.18,0.00,1.00
1397,22.18,0.00,1.00
1398,22.18,0.00,1.00
1399,22.18,0.00,1.00
1400,22.18,0.00,1.00
1401,22.18,0.00,1.00
1402,22.18,0.00,1.00
1403,22.18,0.00,1.00
1404,22.18,0.00,1.00
1405,22.18,0.00,1.00
1406,22.18,0.00,1.00
1407,22.18,0.00,1.00
1408,22.18,0.00,1.00
1409,22.18,0.00,1.00
1410,22.18,0.00,1.00
1411,22.18,0.00,1.00
1412,22.18,0.00,1.00
1413,22.18,0.00,1.00
1414,22.18,0.00,1.00
1415,22.18,0.00,1.00
1416,22.18,0.00,1.00
1417,22.18,0.00,1.00
1418,22.18,0.00,1.00
1419,22.18,0.00,1.00
1420,22.18,0.00,1.00
1421,22.18,0.00,1.00
1422,22.18,0.00,1.00
1423,22.18,0.00,1.00
1424,22.18,0.00,1.00
1425,22.18,0.00,1.00
1426,22.18,0.00,1.00
1427,22.18,0.00,1.00
1428,22.18,0.00,1.00
1429,22.18,0.00,1.00
1430,22.18,0.00,1.00
1431,22.18,0.00,1.00
1432,22.18,0.00,1.00
1433,22.18,0.00,1.00
1434,22.18,0.00,1.00
1435,22.18,0.00,1.00
1436,22.18,0.00,1.00
1437,22.18,0.00,1.00
1438,22.18,0.00,1.00
1439,22.18,0.00,1.00
1440,22.18,0.00,1.00
1441,22.18,0.00,1.00
1442,22.18,0.00,1.00
1443,22.18,0.00,1.00
1444,22.18,0.00,1.00
1445,22.18,0.00,1.00
1446,22.18,0.00,1.00
1447,22.18,0.00,1.00
1448,22.18,0.00,1.00
1449,22.18,0.00,1.00
1450,22.18,0.00,1.00
1451,22.18,0.00,1.00
1452,22.18,0.00,1.00
1453,22.18,0.00,1.00
1454,22.18,0.00,1.00
1455,22.18,0.00,1.00
1456,22.18,0.00,1.00
1457,22.18,0.00,1.00
1458,22.18,0.00,1.00
1459,22.18,0.00,1.00
1460,22.18,0.00,1.00
1461,22.18,0.00,1.00
1462,22.18,0.00,1.00
1463,22.18,0.00,1.00
1464,22.18,0.00,1.00
1465,22.18,0.00,1.00
1466,22.18,0.00,1.00
1467,22.18,0.00,1.00
1468,22.18,0.00,1.00
1469,22.18,0.00,1.00
1470,22.18,0.00,1.00
1471,22.18,0.00,1.00
1472,22.18,0.00,1.00
1473,22.18,0.00,1.00
1474,22.18,0.00,1.00
1475,22.18,0.00,1.00
1476,22.18,0.00,1.00
1477,22.18,0.00,1.00
1478,22.18,0.00,1.00
1479,22.18,0.00,1.00
1480,22.18,0.00,1.00
1481,22.18,0.00,1.00
1482,22.18,0.00,1.00
1483,22.18,0.00,1.00
1484,22.18,0.00,1.00
1485,22.18,0.00,1.00
1486,22.18,0.00,1.00
1487,22.18,0.00,1.00
1488,22.18,0.00,1.00
1489,22.18,0.00,1.00
1490,22.18,0.00,1.00
1491,22.18,0.00,1.00
1492,22.18,0.00,1.00
1493,22.18,0.00,1.00
1494,22.18,0.00,1.00
1495,22.18,0.00,1.00
1496,22.18,0.00,1.00
1497,22.18,0.00,1.00
1498,22.18,0.00,1.00
1499,22.18,0.00,1.00
1500,22.18,0.00,1.00
1501,22.18,0.00,1.00
1502,22.18,0.00,1.00
1503,22.18,0.00,1.00
1504,22.18,0.00,1.00
1505,22.18,0.00,1.00
1506,22.18,0.00,1.00
1507,22.18,0.00,1.00
1508,22.18,0.00,1.00
1509,22.18,0.00,1.00
1510,22.18,0.00,1.00
1511,22.18,0.00,1.00
1512,22.18,0.00,1.00
1513,22.18,0.00,1.00
1514,22.18,0.00,1.00
1515,22.18,0.00,1.00
1516,22.18,0.00,1.00
1517,22.18,0.00,1.00
1518,22.18,0.00,1.00
1519,22.18,0.00,1.00
1520,22.18,0.00,1.00
1521,22.18,0.00,1.00
1522,22.18,0.00,1.00
1523,22.18,0.00,1.00
1524,22.18,0.00,1.00
1525,22.18,0.00,1.00
1526,22.18,0.00,1.00
1527,22.18,0.00,1.00
1528,22.18,0.00,1.00
1529,22.18,0.00,1.00
1530,22.18,0.00,1.00
1531,22.18,0.00,1.00
1532,22.18,0.00,1.00
1533,22.18,0.00,1.00
1534,22.18,0.00,1.00
1535,22.18,0.00,1.00
1536,22.18,0.00,1.00
1537,22.18,0.00,1.00
1538,22.18,0.00,1.00
1539,22.18,0.00,1.00
1540,22.18,0.00,1.00
1541,22.18,0.00,1.00
1542,22.18,0.00,1.00
1543,22.18,0.00,1.00
1544,22.18,0.00,1.00
1545,22.18,0.00,1.00
1546,22.18,0.00,1.00
1547,22.18,0.00,1.00
1548,22.18,0.00,1.00
1549,22.18,0.00,1.00
1550,22.18,0.00,1.00
1551,22.18,0.00,1.00
1552,22.18,0.00,1.00
1553,22.18,0.00,1.00
1554,22.18,0.00,1.00
1555,22.18,0.00,1.00
1556,22.18,0.00,1.00
1557,22.18,0.00,1.00
1558,22.18,0.00,1.00
1559,22.18,0.00,1.00
1560,22.18,0.00,1.00
1561,22.18,0.00,1.00
1562,22.18,0.00,1.00
1563,22.18,0.00,1.00
1564,22.18,0.00,1.00
1565,22.18,0.00,1.00
1566,22.18,0.00,1.00
1567,22.18,0.00,1.00
1568,22.18,0.00,1.00
1569,22.18,0.00,1.00
1570,22.18,0.00,1.00
1571,22.18,0.00,1.00
1572,22.18,0.00,1.00
1573,22.18,0.00,1.00
1574,22.18,0.00,1.00
1575,22.18,0.00,1.00
1576,22.18,0.00,1.00
1577,22.18,0.00,1.00
1578,22.18,0.00,1.00
1579,22.18,0.00,1.00
1580,22.18,0.00,1.00
1581,22.18,0.00,1.00
1582,22.18,0.00,1.00
1583,22.18,0.00,1.00
1584,22.18,0.00,1.00
1585,22.18,0.00,1.00
1586,22.18,0.00,1.00
1587,22.18,0.00,1.00
1588,22.18,0.00,1.00
1589,22.18,0.00,1.00
1590,22.18,0.00,1.00
1591,22.18,0.00,1.00
1592,22.18,0.00,1.00
1593,22.18,0.00,1.00
1594,22.18,0.00,1.00
1595,22.18,0.00,1.00
1596,22.18,0.00,1.00
1597,22.18,0.00,1.00
1598,22.18,0.00,1.00
1599,22.18,0.00,1.00
1600,22.18,0.00,1.00
1601,22.18,0.00,1.00
1602,22.18,0.00,1.00
1603,22.18,0.00,1.00
1604,22.18,0.00,1.00
1605,22.18,0.00,1.00
1606,22.18,0.00,1.00
1607,22.18,0.00,1.00
1608,22.18,0.00,1.00
1609,22.18,0.00,1.00
1610,22.18,0.00,1.00
1611,22.18,0.00,1.00
1612,22.18,0.00,1.00
1613,22.18,0.00,1.00
1614,22.18,0.00,1.00
1615,22.18,0.00,1.00
1616,22.18,0.00,1.00
1617,22.18,0.00,1.00
1618,22.18,0.00,1.00
1619,22.18,0.00,1.00
1620,22.18,0.00,1.00
1621,22.18,0.00,1.00
1622,22.18,0.00,1.00
1623,22.18,0.00,1.00
1624,22.18,0.00,1.00
1625,22.18,0.00,1.00
1626,22.18,0.00,1.00
1627,22.18,0.00,1.00
1628,22.18,0.00,1.00
1629,22.18,0.00,1.00
1630,22.18,0.00,1.00
1631,22.18,0.00,1.00
1632,22.18,0.00,1.00
1633,22.18,0.00,1.00
1634,22.18,0.00,1.00
1635,22.18,0.00,1.00
1636,22.18,0.00,1.00
1637,22.18,0.00,1.00
1638,22.18,0.00,1.00
1639,22.18,0.00,1.00
1640,22.18,0.00,1.00
1641,22.18,0.00,1.00
1642,22.18,0.00,1.00
1643,22.18,0.00,1.00
1644,22.18,0.00,1.00
1645,22.18,0.00,1.00
1646,22.18,0.00,1.00
1647,22.18,0.00,1.00
1648,22.18,0.00,1.00
1649,22.18,0.00,1.00
1650,22.18,0.00,1.00
1651,22.18,0.00,1.00
1652,22.18,0.00,1.00
1653,22.18,0.00,1.00
1654,22.18,0.00,1.00
1655,22.18,0.00,1.00
1656,22.18,0.00,1.00
1657,22.18,0.00,1.00
1658,22.18,0.00,1.00
1659,22.18,0.00,1.00
1660,22.18,0.00,1.00
1661,22.18,0.00,1.00
1662,22.18,0.00,1.00
1663,22.18,0.00,1.00
1664,22.18,0.00,1.00
1665,22.18,0.00,1.00
1666,22.18,0.00,1.00
1667,22.18,0.00,1.00
1668,22.18,0.00,1.00
1669,22.18,0.00,1.00
1670,22.18,0.00,1.00
1671,22.18,0.00,1.00
1672,22.18,0.00,1.00
1673,22.18,0.00,1.00
1674,22.18,0.00,1.00
1675,22.18,0.00,1.00
1676,22.18,0.00,1.00
1677,22.18,0.00,1.00
1678,22.18,0.00,1.00
1679,22.18,0.00,1.00
1680,22.18,0.00,1.00
1681,22.18,0.00,1.00
1682,22.18,0.00,1.00
1683,22.18,0.00,1.00
1684,22.18,0.00,1.00
1685,22.18,0.00,1.00
1686,22.18,0.00,1.00
1687,22.18,0.00,1.00
1688,22.18,0.00,1.00
1689,22.18,0.00,1.00
1690,22.18,0.00,1.00
1691,22.18,0.00,1.00
1692,22.18,0.00,1.00
1693,22.18,0.00,1.00
1694,22.18,0.00,1.00
1695,22.18,0.00,1.00
1696,22.18,0.00,1.00
1697,22.18,0.00,1.00
1698,22.18,0.00,1.00
1699,22.18,0.00,1.00
1700,22.18,0.00,1.00
1701,22.18,0.00,1.00
1702,22.18,0.00,1.00
1703,22.18,0.00,1.00
1704,22.18,0.00,1.00
1705,22.18,0.00,1.00
1706,22.18,0.00,1.00
1707,22.18,0.00,1.00
1708,22.18,0.00,1.00
1709,22.18,0.00,1.00
1710,22.18,0.00,1.00
1711,22.18,0.00,1.00
1712,22.18,0.00,1.00
1713,22.18,0.00,1.00
1714,22.18,0.00,1.00
1715,22.18,0.00,1.00
1716,22.18,0.00,1.00
1717,22.18,0.00,1.00
1718,22.18,0.00,1.00
1719,22.18,0.00,1.00
1720,22.18,0.00,1.00
1721,22.18,0.00,1.00
1722,22.18,0.00,1.00
1723,22.18,0.00,1.00
1724,22.18,0.00,1.00
1725,22.18,0.00,1.00
1726,22.18,0.00,1.00
1727,22.18,0.00,1.00
1728,22.18,0.00,1.00
1729,22.18,0.00,1.00
1730,22.18,0.00,1.00
1731,22.18,0.00,1.00
1732,22.18,0.00,1.00
1733,22.18,0.00,1.00
1734,22.18,0.00,1.00
1735,22.18,0.00,1.00
1736,22.18,0.00,1.00
1737,22.18,0.00,1.00
1738,22.18,0.00,1.00
1739,22.18,0.00,1.00
1740,22.18,0.00,1.00
1741,22.18,0.00,1.00
1742,22.18,0.00,1.00
1743,22.18,0.00,1.00
1744,22.18,0.00,1.00
1745,22.18,0.00,1.00
1746,22.18,0.00,1.00
1747,22.18,0.00,1.00
1748,22.18,0.00,1.00
1749,22.18,0.00,1.00
1750,22.18,0.00,1.00
1751,22.18,0.00,1.00
1752,22.18,0.00,1.00
1753,22.18,0.00,1.00
1754,22.18,0.00,1.00
1755,22.18,0.00,1.00
1756,22.18,0.00,1.00
1757,22.18,0.00,1.00
1758,22.18,0.00,1.00
1759,22.18,0.00,1.00
1760,22.18,0.00,1.00
1761,22.18,0.00,1.00
1762,22.18,0.00,1.00
1763,22.18,0.00,1.00
1764,22.18,0.00,1.00
1765,22.18,0.00,1.00
1766,22.18,0.00,1.00
1767,22.18,0.00,1.00
1768,22.18,0.00,1.00
1769,22.18,0.00,1.00
1770,22.18,0.00,1.00
1771,22.18,0.00,1.00
1772,22.18,0.00,1.00
1773,22.18,0.00,1.00
1774,22.18,0.00,1.00
1775,22.18,0.00,1.00
1776,22.18,0.00,1.00
1777,22.18,0.00,1.00
1778,22.18,0.00,1.00
1779,22.18,0.00,1.00
1780,22.18,0.00,1.00
1781,22.18,0.00,1.00
1782,22.18,0.00,1.00
1783,22.18,0.00,1.00
1784,22.18,0.00,1.00
1785,22.18,0.00,1.00
1786,22.18,0.00,1.00
1787,22.18,0.00,1.00
1788,22.18,0.00,1.00
1789,22.18,0.00,1.00
1790,22.18,0.00,1.00
1791,22.18,0.00,1.00
1792,22.18,0.00,1.00
1793,22.18,0.00,1.00
1794,22.18,0.00,1.00
1795,22.18,0.00,1.00
1796,22.18,0.00,1.00
1797,22.18,0.00,1.00
1798,22.18,0.00,1.00
1799,22.18,0.00,1.00
1800,22.18,0.00,1.00
1801,22.18,0.00,1.00
1802,22.18,0.00,1.00
1803,22.18,0.00,1.00
1804,22.18,0.00,1.00
1805,22.18,0.00,1.00
1806,22.18,0.00,1.00
1807,22.18,0.00,1.00
1808,22.18,0.00,1.00
1809,22.18,0.00,1.00
1810,22.18,0.00,1.00
1811,22.18,0.00,1.00
1812,22.18,0.00,1.00
1813,22.18,0.00,1.00
1814,22.18,0.00,1.00
1815,22.18,0.00,1.00
1816,22.18,0.00,1.00
1817,22.18,0.00,1.00
1818,22.18,0.00,1.00
1819,22.18,0.00,1.00
