0,263.34,inf,6.52
1,263.34,inf,6.52
2,287.39,inf,6.52
3,275.37,inf,6.52
4,227.27,inf,6.52
5,281.38,inf,6.52
6,275.37,inf,6.52
7,269.36,inf,6.52
8,275.37,inf,6.52
9,233.28,inf,6.52
10,263.34,inf,6.52
11,269.36,inf,6.52
12,287.39,inf,6.52
13,263.34,inf,6.52
14,215.25,inf,6.52
15,263.34,inf,6.52
16,263.34,inf,6.52
17,269.36,inf,6.52
18,287.39,inf,6.52
19,239.30,inf,6.52
20,251.32,inf,6.52
21,287.39,inf,6.52
22,281.38,inf,6.52
23,263.34,inf,6.52
24,257.33,inf,6.52
25,251.32,inf,6.52
26,269.36,inf,6.52
27,269.36,inf,6.52
28,287.39,inf,6.52
29,251.32,inf,6.52
30,227.27,inf,6.52
31,287.39,inf,6.52
32,275.37,inf,6.52
33,269.36,inf,6.52
34,281.38,inf,6.52
35,227.27,inf,6.52
36,269.36,inf,6.52
37,275.37,inf,6.52
38,287.39,inf,6.52
39,269.36,inf,6.52
40,203.22,inf,6.52
41,287.39,inf,6.52
42,269.36,inf,6.52
43,263.34,inf,6.52
44,287.39,inf,6.52
45,215.25,inf,6.52
46,263.34,inf,6.52
47,287.39,inf,6.52
48,269.36,inf,6.52
49,269.36,inf,6.52
50,239.30,inf,6.52
51,263.34,inf,6.52
52,269.36,inf,6.52
53,287.39,inf,6.52
54,281.38,inf,6.52
55,227.27,inf,6.52
56,275.37,inf,6.52
