0,260.29,inf,4.16
1,357.57,inf,4.16
2,373.78,inf,4.16
3,260.29,inf,4.16
4,276.50,inf,4.16
5,381.89,inf,4.16
6,381.89,inf,4.16
7,260.29,inf,4.16
8,292.72,inf,4.16
9,381.89,inf,4.16
10,333.25,inf,4.16
11,260.29,inf,4.16
12,325.14,inf,4.16
13,381.89,inf,4.16
14,268.40,inf,4.16
15,260.29,inf,4.16
16,260.29,inf,4.16
17,300.82,inf,4.16
18,381.89,inf,4.16
19,381.89,inf,4.16
20,381.89,inf,4.16
21,381.89,inf,4.16
22,333.25,inf,4.16
23,260.29,inf,4.16
24,317.04,inf,4.16
25,381.89,inf,4.16
26,381.89,inf,4.16
27,381.89,inf,4.16
28,381.89,inf,4.16
29,292.72,inf,4.16
30,260.29,inf,4.16
31,333.25,inf,4.16
32,381.89,inf,4.16
33,381.89,inf,4.16
34,381.89,inf,4.16
35,333.25,inf,4.16
36,260.29,inf,4.16
37,154.90,inf,4.16
38,260.29,inf,4.16
39,357.57,inf,4.16
40,381.89,inf,4.16
41,381.89,inf,4.16
42,381.89,inf,4.16
43,325.14,inf,4.16
44,260.29,inf,4.16
45,203.54,inf,4.16
46,292.72,inf,4.16
47,381.89,inf,4.16
48,381.89,inf,4.16
49,381.89,inf,4.16
50,381.89,inf,4.16
51,300.82,inf,4.16
52,163.01,inf,4.16
53,163.01,inf,4.16
54,300.82,inf,4.16
55,381.89,inf,4.16
56,381.89,inf,4.16
57,381.89,inf,4.16
58,381.89,inf,4.16
59,292.72,inf,4.16
60,203.54,inf,4.16
61,163.01,inf,4.16
62,276.50,inf,4.16
63,381.89,inf,4.16
64,381.89,inf,4.16
65,381.89,inf,4.16
66,381.89,inf,4.16
67,300.82,inf,4.16
68,211.65,inf,4.16
69,219.76,inf,4.16
70,300.82,inf,4.16
71,381.89,inf,4.16
72,381.89,inf,4.16
73,381.89,inf,4.16
74,381.89,inf,4.16
75,260.29,inf,4.16
