0,5314.49,inf,3.94
1,5314.49,inf,3.94
2,5314.49,inf,3.94
3,5314.49,inf,3.94
4,4597.69,inf,3.94
5,4597.69,inf,3.94
6,3701.70,inf,3.94
7,2805.71,inf,3.94
8,2805.71,inf,3.94
9,2805.71,inf,3.94
10,2805.71,inf,3.94
11,2805.71,inf,3.94
12,2805.71,inf,3.94
13,2805.71,inf,3.94
14,2805.71,inf,3.94
15,2805.71,inf,3.94
16,2805.71,inf,3.94
17,2805.71,inf,3.94
18,2805.71,inf,3.94
19,2805.71,inf,3.94
20,2805.71,inf,3.94
21,2805.71,inf,3.94
22,2805.71,inf,3.94
23,2805.71,inf,3.94
24,2805.71,inf,3.94
25,2805.71,inf,3.94
26,2805.71,inf,3.94
27,2805.71,inf,3.94
28,2805.71,inf,3.94
29,2805.71,inf,3.94
30,2805.71,inf,3.94
31,2805.71,inf,3.94
32,2805.71,inf,3.94
