0,1396.57,inf,3.84
1,1396.57,inf,3.84
2,1396.57,inf,3.84
3,1396.57,inf,3.84
4,1396.57,inf,3.84
5,1396.57,inf,3.84
6,1396.57,inf,3.84
7,1396.57,inf,3.84
8,1396.57,inf,3.84
9,1396.57,inf,3.84
10,1396.57,inf,3.84
11,1396.57,inf,3.84
12,1396.57,inf,3.84
13,1396.57,inf,3.84
14,1396.57,inf,3.84
15,1396.57,inf,3.84
16,1396.57,inf,3.84
17,1396.57,inf,3.84
18,1396.57,inf,3.84
19,1396.57,inf,3.84
20,1349.57,inf,3.84
21,1396.57,inf,3.84
22,1396.57,inf,3.84
23,1396.57,inf,3.84
24,1396.57,inf,3.84
25,1396.57,inf,3.84
26,1396.57,inf,3.84
27,1396.57,inf,3.84
28,1396.57,inf,3.84
29,1396.57,inf,3.84
30,973.61,inf,3.84
31,973.61,inf,3.84
32,973.61,inf,3.84
33,973.61,inf,3.84
34,1067.60,inf,3.84
35,1443.56,inf,3.84
36,1443.56,inf,3.84
37,1443.56,inf,3.84
38,973.61,inf,3.84
39,1443.56,inf,3.84
40,1443.56,inf,3.84
41,1443.56,inf,3.84
42,973.61,inf,3.84
43,1443.56,inf,3.84
44,1443.56,inf,3.84
45,1443.56,inf,3.84
46,1020.61,inf,3.84
47,1443.56,inf,3.84
