0,1120.95,inf,10.74
1,1026.96,inf,10.74
2,1089.62,inf,10.74
3,1183.61,inf,10.74
4,1089.62,inf,10.74
5,1089.62,inf,10.74
6,1120.95,inf,10.74
7,1120.95,inf,10.74
8,1496.91,inf,10.74
9,1590.90,inf,10.74
10,1622.23,inf,10.74
11,1590.90,inf,10.74
12,1496.91,inf,10.74
13,1402.92,inf,10.74
14,1340.26,inf,10.74
15,1559.57,inf,10.74
16,1747.55,inf,10.74
17,1778.88,inf,10.74
18,1778.88,inf,10.74
19,1778.88,inf,10.74
20,1716.22,inf,10.74
21,1810.21,inf,10.74
22,1778.88,inf,10.74
23,1747.55,inf,10.74
24,1716.22,inf,10.74
25,1810.21,inf,10.74
26,1622.23,inf,10.74
27,1841.54,inf,10.74
28,1653.56,inf,10.74
29,1841.54,inf,10.74
30,1622.23,inf,10.74
31,1810.21,inf,10.74
32,1590.90,inf,10.74
33,1841.54,inf,10.74
34,1622.23,inf,10.74
35,1810.21,inf,10.74
36,1684.89,inf,10.74
37,1778.88,inf,10.74
38,1778.88,inf,10.74
39,1653.56,inf,10.74
40,1810.21,inf,10.74
41,1622.23,inf,10.74
42,1841.54,inf,10.74
43,1559.57,inf,10.74
44,1841.54,inf,10.74
45,1622.23,inf,10.74
