0,222.01,inf,1.29
1,222.01,inf,1.29
2,222.01,inf,1.29
3,230.25,inf,1.29
4,230.25,inf,1.29
5,230.25,inf,1.29
6,222.01,inf,1.29
7,230.25,inf,1.29
8,230.25,inf,1.29
9,222.01,inf,1.29
10,230.25,inf,1.29
11,230.25,inf,1.29
12,222.01,inf,1.29
13,222.01,inf,1.29
14,230.25,inf,1.29
15,230.25,inf,1.29
16,222.01,inf,1.29
17,230.25,inf,1.29
18,222.01,inf,1.29
19,230.25,inf,1.29
20,222.01,inf,1.29
21,222.01,inf,1.29
22,230.25,inf,1.29
23,230.25,inf,1.29
24,230.25,inf,1.29
25,222.01,inf,1.29
26,230.25,inf,1.29
27,230.25,inf,1.29
28,222.01,inf,1.29
29,222.01,inf,1.29
30,147.91,inf,1.29
31,172.61,inf,1.29
32,147.91,inf,1.29
33,172.61,inf,1.29
34,147.91,inf,1.29
35,164.38,inf,1.29
36,147.91,inf,1.29
37,156.14,inf,1.29
38,147.91,inf,1.29
39,147.91,inf,1.29
40,147.91,inf,1.29
41,147.91,inf,1.29
42,156.14,inf,1.29
43,147.91,inf,1.29
44,164.38,inf,1.29
45,147.91,inf,1.29
46,172.61,inf,1.29
47,147.91,inf,1.29
48,172.61,inf,1.29
49,147.91,inf,1.29
50,172.61,inf,1.29
51,147.91,inf,1.29
52,172.61,inf,1.29
53,147.91,inf,1.29
54,172.61,inf,1.29
55,147.91,inf,1.29
56,172.61,inf,1.29
57,147.91,inf,1.29
58,172.61,inf,1.29
59,147.91,inf,1.29
60,172.61,inf,1.29
61,147.91,inf,1.29
62,164.38,inf,1.29
