0,147.91,inf,1.22
1,164.38,inf,1.22
2,147.91,inf,1.22
3,172.61,inf,1.22
4,147.91,inf,1.22
5,172.61,inf,1.22
6,147.91,inf,1.22
7,172.61,inf,1.22
8,147.91,inf,1.22
9,172.61,inf,1.22
10,147.91,inf,1.22
11,172.61,inf,1.22
12,147.91,inf,1.22
13,172.61,inf,1.22
14,147.91,inf,1.22
15,172.61,inf,1.22
16,147.91,inf,1.22
17,172.61,inf,1.22
18,147.91,inf,1.22
19,147.91,inf,1.22
20,263.18,inf,1.22
21,222.01,inf,1.22
22,147.91,inf,1.22
23,147.91,inf,1.22
24,271.42,inf,1.22
25,189.08,inf,1.22
26,147.91,inf,1.22
27,164.38,inf,1.22
28,271.42,inf,1.22
29,172.61,inf,1.22
30,147.91,inf,1.22
31,172.61,inf,1.22
32,271.42,inf,1.22
33,156.14,inf,1.22
34,147.91,inf,1.22
35,197.31,inf,1.22
36,271.42,inf,1.22
37,147.91,inf,1.22
38,147.91,inf,1.22
39,213.78,inf,1.22
40,271.42,inf,1.22
41,147.91,inf,1.22
42,147.91,inf,1.22
43,254.95,inf,1.22
44,238.48,inf,1.22
45,147.91,inf,1.22
46,147.91,inf,1.22
47,263.18,inf,1.22
